DATA:
D = 
  238300  125210  34000  4164  3576  23170  8335  19250
  443050  249950  42400  7721  6756  32220  10725  25250
  424150  238950  40050  7394  6455  31400  10230  25000
  418100  228770  44350  7061  6318  34050  13460  24375
  454550  238210  60750  7789  6799  43840  16155  38625
  461400  238980  64150  7863  6913  44220  16620  37625
  476100  248970  65600  8001  7164  44570  18170  39750
  589650  316760  73100  9917  8931  50940  20485  41125
  1001000  529840  136800  17007  15189  89700  34390  84500
  822200  455430  91650  13880  12534  63120  25155  56250
  697350  366710  95450  11675  10488  63740  25925  59250
  630950  340800  78800  10575  9528  53980  21955  49125
  583200  320940  68400  9896  8850  45860  17745  41125
  802700  442650  91850  13542  12178  63380  25690  54125
  735350  413520  76200  12415  11270  53520  21005  45625
  838050  461050  94350  14081  12758  66700  26705  58000
  917750  498920  109600  15633  13962  75630  28265  68250
  778600  429930  87700  13226  11794  61660  23965  51250
  880000  481710  102850  14685  13309  70450  29445  56375
  1364600  723540  174400  22682  20618  123670  51190  100250
  500550  253740  77300  8339  7475  52380  21745  40375
  928900  496920  118550  15744  14032  81930  32000  69750
  772100  426370  86350  13037  11657  60840  23880  48750
  799350  428220  97000  13600  12000  70870  26520  63500
  795100  430230  99300  13547  11984  68050  26230  60750
  867450  465420  109250  14698  13116  75760  28825  63500
  841600  462620  101150  14270  12772  67180  26650  58625
  1102950  598170  133000  18545  16706  93330  38120  73750
  1518900  829050  183500  25982  23030  126140  49175  106375
  1474400  797550  185700  25094  22295  126400  51010  105750
  1494650  819770  177250  25255  22640  121440  50705  92875
  1661650  892090  216600  28118  25176  144510  59150  128250
  1874700  1007800  240000  31761  28417  161620  65460  137875
  1671800  906010  209700  28393  25475  139950  55805  124750
  1408250  769860  168350  23797  21391  115890  47220  90625
  956850  513760  125500  16210  14430  83230  33525  64250
  851300  464260  99750  14535  12894  71040  26905  54875
  712800  388670  88800  12239  10746  59780  23195  52125
  664950  365510  80000  11367  10046  54280  21275  49750
  591300  317420  74600  10017  8938  51890  20200  47500
  675450  363870  83900  11410  10160  58750  23820  54250
  551950  293230  70000  9392  8300  49940  18810  39875
  675900  363570  80600  11517  10198  58710  22300  49375
  958850  513610  125450  16285  14523  84140  33465  80500
  870800  469980  103600  14460  13178  74790  31330  66750
  609850  325560  77000  10407  9183  55020  21190  49500
  422950  228800  49350  7241  6393  36130  13630  28125
  418900  226950  47550  7170  6325  35270  13090  31750
  422850  224940  52200  7205  6373  38660  14615  35375
  288850  149860  41100  4991  4335  28670  10400  27750
  480950  253060  62150  8224  7222  45800  17030  42125
  788500  453260  70250  13573  12183  53780  20495  48375
  768300  439480  73650  13200  11855  53730  20575  46750
  376100  206370  42400  6496  5713  31590  11715  29750
  392800  209170  49150  6782  5916  36280  12860  35000
  422450  233800  43950  7222  6424  33480  12405  30250
  422450  226310  49750  7266  6367  38440  13895  35750
  437450  237360  52400  7477  6600  37120  14630  28500
  518300  283850  56850  8790  7838  42730  16905  36000
  699200  378460  81700  11963  10595  59640  22570  56000
  705600  377310  91300  11878  10659  61760  25425  53500
  739150  407480  87100  12511  11237  57950  23520  56500
  514250  268860  69350  8771  7650  49630  19035  46000
  529800  276050  73050  9083  7879  52020  19605  51500
  572500  294620  79500  9807  8492  58610  21905  54000
  496950  267230  59500  8402  7480  43290  16625  35750
  519450  279680  64600  8752  7783  44630  17510  33625
  811200  430030  104900  13926  12223  73980  27335  66250
  975250  521090  124200  16569  14676  88170  34405  82625
  837550  445600  100650  14148  12588  75710  28620  64625
  728300  391150  88600  12253  11015  63160  25165  55125
  687550  370810  82100  11558  10377  59480  23735  51125
  661450  358590  79050  11289  9952  56110  21500  48375
  1319400  685690  180400  22432  19749  128780  50260  107000
  836900  442950  109800  14129  12585  75340  29585  68250
  825350  428860  114650  13943  12370  78880  31195  72250
  781150  417240  101300  13253  11747  69350  27095  62500
  734650  391210  91900  12623  11079  66350  24245  58375
  810600  447210  90150  13771  12305  62610  24620  58375
  1036200  573240  119700  17591  15767  79540  31950  75375
  1700550  912850  222450  28978  25729  147560  58015  133125
  1441350  769770  192800  24513  21837  126740  50295  117500
  1532000  818110  199250  25998  23228  134610  52395  128625
  1685350  909850  201000  28662  25563  143070  55385  128750
  2009850  1085360  243850  34115  30565  169810  66185  148750
  1823250  978040  224250  30843  27722  158390  62325  143750
  1256300  677460  156550  21185  19031  106950  42965  95375
  695450  380610  80000  11752  10517  56690  22355  50250
  709100  378810  92400  11944  10705  62240  25030  56750
  688200  367510  86950  11611  10376  61030  24275  50500
  563700  303400  66450  9550  8515  49060  18760  43250
  463800  255720  54900  7934  7060  36100  13480  34125
;
ENDDATA